49
4
-21.3015
175
-251.148
-22.0069
175
-358.759
125
175
-616.567
125
175
-457.56
4
125
-175
-457.56
125
-175
-616.567
-22.0069
-175
-358.759
-21.3015
-175
-251.148
4
125
-175
-457.56
125
-175
-616.567
125
175
-616.567
125
175
-457.56
4
-125
175
-104.844
-125
175
-178.14
-22.0069
175
-358.759
-21.3015
175
-251.148
4
-21.3015
-175
-251.148
-22.0069
-175
-358.759
-125
-175
-178.14
-125
-175
-104.844
4
-125
-175
-104.844
-125
-175
-178.14
-125
175
-178.14
-125
175
-104.844
4
-22.0049
175
-358.763
-21.3
175
-251.15
-21.3
-175
-251.15
-22.0049
-175
-358.763
4
20.4136
-175
-700
-9.51403
-175
-700
-9.51403
175
-700
20.4136
175
-700
7
-22.0069
175
-358.759
-24.1248
175
-681.84
-9.51403
175
-700
20.4136
175
-700
92.2851
175
-668.62
125
175
-633.127
125
175
-616.567
7
125
-175
-616.567
125
-175
-633.127
92.2851
-175
-668.62
20.4136
-175
-700
-9.51403
-175
-700
-24.1248
-175
-681.84
-22.0069
-175
-358.759
4
125
-175
-616.567
125
-175
-633.127
125
175
-633.127
125
175
-616.567
4
-24.1211
175
-681.845
-22.0049
175
-358.763
-22.0049
-175
-358.763
-24.1211
-175
-681.845
8
-125
-175
-178.14
-125
175
-178.14
-22.01
175
-358.76
-22
175
-358.76
125
175
-616.57
125
-175
-616.57
-22
-175
-358.76
-22.01
-175
-358.76
4
92.2864
175
-668.619
125
175
-633.13
125
-175
-633.13
92.2864
-175
-668.619
4
20.41
-175
-700
20.41
175
-700
92.29
175
-668.62
92.29
-175
-668.62
4
-24.12
-175
-681.84
-24.12
175
-681.84
-9.51
175
-700
-9.51
-175
-700
4
-18.8028
175
130.037
-21.3015
175
-251.148
125
175
-457.56
125
175
41.6751
4
125
-175
41.6751
125
-175
-457.56
-21.3015
-175
-251.148
-18.8028
-175
130.037
4
125
-175
41.6751
125
-175
-457.56
125
175
-457.56
125
175
41.6751
4
-125
175
195.291
-125
175
-104.844
-21.3015
175
-251.148
-18.8028
175
130.037
4
-18.8028
-175
130.037
-21.3015
-175
-251.148
-125
-175
-104.844
-125
-175
195.291
4
-125
-175
195.291
-125
-175
-104.844
-125
175
-104.844
-125
175
195.291
4
-21.3
175
-251.15
-18.8033
175
130.037
-18.8033
-175
130.037
-21.3
-175
-251.15
6
-125
-175
-104.84
-125
175
-104.84
-21.3
175
-251.15
125
175
-457.56
125
-175
-457.56
-21.3
-175
-251.15
3
-15.4858
175
636.042
-16.3309
175
507.124
38.3333
175
591.941
3
-16.3309
-175
507.124
-15.4858
-175
636.042
38.3333
-175
591.941
4
-16.3334
175
507.12
-15.4889
175
636.045
-15.4889
-175
636.045
-16.3334
-175
507.12
4
60.2316
175
700
-15.0665
175
700
-15.0665
-175
700
60.2316
-175
700
5
60.2316
175
700
-15.0665
175
700
-15.4858
175
636.042
38.3333
175
591.941
92.4711
175
675.942
5
-15.0665
-175
700
60.2316
-175
700
92.4711
-175
675.942
38.3333
-175
591.941
-15.4858
-175
636.042
4
-15.0665
175
700
-93.5383
175
700
-93.5383
-175
700
-15.0665
-175
700
3
-15.0665
175
700
-93.5383
175
700
-15.4858
175
636.042
3
-93.5383
-175
700
-15.0665
-175
700
-15.4858
-175
636.042
4
-15.4889
175
636.045
-15.07
175
700
-15.07
-175
700
-15.4889
-175
636.045
6
-93.54
-175
700
-93.54
175
700
-15.49
175
636.04
38.3311
175
591.938
38.3311
-175
591.938
-15.49
-175
636.04
5
-16.3309
175
507.124
-18.8028
175
130.037
125
175
41.6751
125
175
520.925
38.3333
175
591.941
5
125
-175
520.925
125
-175
41.6751
-18.8028
-175
130.037
-16.3309
-175
507.124
38.3333
-175
591.941
4
125
-175
520.925
125
-175
41.6751
125
175
41.6751
125
175
520.925
4
-125
175
338.513
-125
175
195.291
-18.8028
175
130.037
-16.3309
175
507.124
4
-16.3309
-175
507.124
-18.8028
-175
130.037
-125
-175
195.291
-125
-175
338.513
4
-125
-175
338.513
-125
-175
195.291
-125
175
195.291
-125
175
338.513
4
-18.8033
175
130.037
-16.3334
175
507.12
-16.3334
-175
507.12
-18.8033
-175
130.037
4
92.4711
175
675.942
38.3333
175
591.941
125
175
520.925
125
175
651.668
4
125
-175
651.668
125
-175
520.925
38.3333
-175
591.941
92.4711
-175
675.942
4
125
-175
651.668
125
-175
520.925
125
175
520.925
125
175
651.668
4
38.3311
175
591.938
125
175
520.92
125
-175
520.92
38.3311
-175
591.938
8
-125
-175
338.51
-125
175
338.51
-16.33
175
507.12
38.33
175
591.94
92.4727
175
675.941
92.4727
-175
675.941
38.33
-175
591.94
-16.33
-175
507.12
6
60.23
-175
700
60.23
175
700
92.47
175
675.94
125
175
651.67
125
-175
651.67
92.47
-175
675.94
6
-125
-175
195.29
-125
175
195.29
-18.8
175
130.04
125
175
41.68
125
-175
41.68
-18.8
-175
130.04
49
1
1
1
1
1
1
1
1
1
1
1
1
1
1
1
1
1
1
1
1
1
1
1
1
1
0.8
0.2
1
0.0117647
0.141176
1
1
0.0117647
0.141176
1
1
0.0117647
0.141176
1
1
1
1
1
1
0.0117647
0.141176
1
1
0
0
0
1
0.0117647
0.141176
1
1
0.0117647
0.141176
1
1
0.0117647
0.141176
1
1
1
1
1
1
1
1
1
1
1
1
1
1
0
0
0
1
0
0
0
1
1
1
1
1
1
0.8
0.2
1
1
0.8
0.2
1
1
0
0.0156863
1
1
0
0.0156863
1
1
0
0.0156863
1
1
0
0.0156863
1
1
0
0.0156863
1
1
0
0.0156863
1
1
0
0.0156863
1
1
0
0.0156863
1
1
0
0.0156863
1
1
0.8
0.2
1
1
0
0.0156863
1
1
0
0.0156863
1
1
0
0.0156863
1
1
0
0.0156863
1
1
0
0.0156863
1
1
0
0.0156863
1
1
0
0.0156863
1
1
0.8
0.2
1
1
0
0.0156863
1
1
0
0.0156863
1
1
0
0.0156863
1
1
0.8
0.2
1
0
0
0
1
1
0
0.0156863
1
1
0.8
0.2
1
