56
3
-125
-28.8675
166.219
-125
37.9884
153.951
-125
50.7487
232.689
4
125
-175
44.2166
125
-175
-124.054
-125
-175
-124.054
-125
-175
44.2166
6
-125
-175
44.2166
-125
-175
-124.054
-125
-53.8313
-298.486
-125
-29.324
-261.401
-125
37.9884
153.951
-125
-28.8675
166.219
4
-125
-28.8719
166.215
-125
37.9877
153.946
125
37.9882
153.95
125
-28.8696
166.217
3
125
-29.324
-261.401
125
-53.8313
-298.486
125
-38.8331
-320.077
3
-125
-29.324
-261.401
-125
-53.8313
-298.486
-125
-38.8331
-320.077
4
-125
-53.8317
-298.485
-125
-29.3237
-261.399
125
-29.3236
-261.398
125
-53.8318
-298.485
5
-68.7871
126.482
700
-125
73.3918
700
-125
-175
700
125
-175
700
125
126.482
700
4
-125
-175
700
125
-175
700
125
-175
193.035
-125
-175
193.035
5
125
126.482
700
125
-175
700
125
-175
193.035
125
-28.8675
166.219
125
50.7487
232.689
6
-125
73.3918
700
-125
-175
700
-125
-175
193.035
-125
-28.8675
166.219
-125
50.7487
232.689
-125
73.3918
372.408
3
-125
73.39
372.397
-125
73.39
700
-68.7836
126.482
700
4
-125
-175
193.03
-125
-28.8719
166.215
125
-28.8696
166.217
125
-175
193.03
4
125
-175
-124.054
125
-175
-481.84
-125
-175
-481.84
-125
-175
-124.054
3
-125
-175
-124.054
-125
-175
-481.84
-125
-53.8313
-298.486
4
125
-175
-481.84
125
-175
-548.615
-125
-175
-548.615
-125
-175
-481.84
5
125
-175
-481.84
125
-175
-548.615
125
-88.7779
-628.262
125
-38.8331
-320.077
125
-53.8313
-298.486
5
-125
-175
-481.84
-125
-175
-548.615
-125
-88.7779
-628.262
-125
-38.8331
-320.077
-125
-53.8313
-298.486
4
-125
-175
-481.84
-125
-53.8317
-298.485
125
-53.8318
-298.485
125
-175
-481.84
4
125
-175
-700
-125
-175
-700
-125
-100.404
-700
125
-100.404
-700
4
125
-175
-548.615
125
-175
-700
-125
-175
-700
-125
-175
-548.615
4
-125
-175
-548.61
125
-175
-548.61
125
-88.7778
-628.261
-125
-88.7778
-628.261
7
125
-38.8335
-320.079
125
-53.83
-298.49
125
-53.83
-298.48
125
-175
-124.05
-125
-175
-124.05
-125
-53.83
-298.49
-125
-38.8335
-320.079
4
-17.4149
175
28.1367
-17.4149
175
-627.906
125
175
-627.906
125
175
28.1367
3
125
175
-627.906
125
175
28.1367
125
39.8425
-433.337
3
-125
73.3918
-481.633
-125
73.3918
-318.788
-125
39.8425
-433.337
4
-125
73.39
-481.631
-125
73.39
-318.794
-17.41
175
28.1367
-17.41
175
-627.906
4
-17.4149
175
336.423
-17.4149
175
128.809
125
175
128.809
125
175
336.423
4
-125
37.9884
153.951
-125
73.3918
147.454
-125
73.3918
251.593
-125
50.7487
232.689
4
-125
-29.324
-261.401
-125
73.3918
-105.969
-125
73.3918
147.454
-125
37.9884
153.951
5
-125
37.9877
153.946
-125
73.39
147.45
-17.41
175
128.81
125
175
128.81
125
37.9882
153.95
4
-17.4149
175
47.7858
-17.4149
175
28.1367
125
175
28.1367
125
175
47.7858
5
125
39.8425
-433.337
125
175
28.1367
125
175
47.7858
125
-29.324
-261.401
125
-38.8331
-320.077
5
-125
39.8425
-433.337
-125
73.3918
-318.788
-125
73.3918
-105.969
-125
-29.324
-261.401
-125
-38.8331
-320.077
4
-125
73.39
-318.794
-125
73.39
-105.972
-17.41
175
47.7858
-17.41
175
28.1367
5
-125
-29.3237
-261.399
-125
73.39
-105.97
-17.41
175
47.79
125
175
47.79
125
-29.3236
-261.398
4
125
175
700
-17.4149
175
700
-68.7871
126.482
700
125
126.482
700
4
125
175
700
-17.4149
175
700
-17.4149
175
336.423
125
175
336.423
4
125
175
700
125
126.482
700
125
50.7487
232.689
125
175
336.423
3
-125
50.7487
232.689
-125
73.3918
251.593
-125
73.3918
372.408
5
-125
73.39
251.591
-125
73.39
372.397
-68.7836
126.482
700
-17.41
175
700
-17.41
175
336.423
5
-125
39.8419
-433.336
-125
73.39
-318.79
-17.41
175
28.14
125
175
28.14
125
39.8423
-433.336
5
-125
-11.1169
-700
-125
73.3918
-700
-17.4149
175
-700
125
175
-700
125
-11.1169
-700
4
-17.4149
175
-627.906
-17.4149
175
-700
125
175
-700
125
175
-627.906
5
125
-32.4791
-680.267
125
-11.1169
-700
125
175
-700
125
175
-627.906
125
39.8425
-433.337
5
-125
-32.4791
-680.267
-125
-11.1169
-700
-125
73.3918
-700
-125
73.3918
-481.633
-125
39.8425
-433.337
4
-125
73.39
-700
-125
73.39
-481.631
-17.41
175
-627.906
-17.41
175
-700
4
-125
-38.2586
-700
-125
-11.1169
-700
125
-11.1169
-700
125
-38.2586
-700
4
125
-32.4796
-680.268
125
-11.12
-700
-125
-11.12
-700
-125
-32.4796
-680.268
4
125
-88.7779
-628.262
125
-32.4791
-680.267
125
39.8425
-433.337
125
-38.8331
-320.077
4
-125
-88.7779
-628.262
-125
-32.4791
-680.267
-125
39.8425
-433.337
-125
-38.8331
-320.077
4
-125
-100.404
-700
-125
-38.2586
-700
125
-38.2586
-700
125
-100.404
-700
4
125
-88.7778
-628.261
125
-32.4796
-680.268
-125
-32.4796
-680.268
-125
-88.7778
-628.261
6
-125
-38.26
-700
-125
-32.48
-680.27
-125
39.8419
-433.336
125
39.8423
-433.336
125
-32.48
-680.27
125
-38.26
-700
7
125
175
-627.91
125
39.84
-433.34
125
-38.8335
-320.079
-125
-38.8335
-320.079
-125
39.84
-433.34
-125
73.39
-481.63
-17.41
175
-627.91
17
125
126.48
700
125
50.75
232.69
125
37.99
153.95
125
-29.32
-261.4
125
-38.83
-320.08
125
-88.78
-628.26
125
-100.4
-700
-125
-100.4
-700
-125
-88.78
-628.26
-125
-38.83
-320.08
-125
-29.32
-261.4
-125
37.99
153.95
-125
50.75
232.69
-125
73.39
372.4
-125
73.39
372.41
-68.79
126.48
700
-68.78
126.48
700
56
1
0.431373
0.972549
1
1
0.8
0.2
1
1
0.431373
0.972549
1
1
0.8
0.2
1
1
0.8
0.2
1
1
0
0
1
1
0.8
0.2
1
1
0.8
0.2
1
1
0.8
0.2
1
1
0.8
0.2
1
1
0.431373
0.972549
1
1
0.431373
0.972549
1
1
0.8
0.2
1
1
0.8
0.2
1
1
0.431373
0.972549
1
1
0.8
0.2
1
1
0.8
0.2
1
1
0
0
1
1
0.8
0.2
1
1
0.8
0.2
1
1
0.8
0.2
1
1
0.8
0.2
1
1
0
0
1
1
0.8
0.2
1
1
0.8
0.2
1
1
0
0
1
1
0.8
0.2
1
1
0.8
0.2
1
1
0.431373
0.972549
1
1
0.431373
0.972549
1
1
0.8
0.2
1
1
0.8
0.2
1
1
0.8
0.2
1
1
0
0
1
1
0.8
0.2
1
1
0.8
0.2
1
1
0.8
0.2
1
1
0.8
0.2
1
1
0.8
0.2
1
1
0.431373
0.972549
1
1
0.431373
0.972549
1
1
0
0
1
1
0.8
0.2
1
1
0.8
0.2
1
1
0.8
0.2
1
1
0
0
1
1
0.8
0.2
1
1
0.8
0.2
1
1
0.8
0.2
1
1
0.8
0.2
1
1
0
0
1
1
0.8
0.2
1
1
0.8
0.2
1
1
0
0
1
1
0
0
1
1
0
0
1
